# id	left	top	right	bottom	texture_id
[SPRITES]
20001	1038	1	1053	16	30
20002	1055	1	1070	16	30
20003	1072	1	1087	16	30
20004	1089	1	1104	16	30
80001	443	154	458	169	30
80002	460	154	475	169	30
80003	477	154	492	169	30
80004	443	171	458	186	30
80005	460	171	475	186	30
80006	477	171	492	186	30
2001	375	324	390	339	30
2201	1004	18	1019	33	30
2301	698	1	713	16	30
2401	1140	1	1155	16	30
2402	1157	1	1172	16	30
2403	1174	1	1189	16	30
2404	1191	1	1206	16	30
2405	1208	1	1223	16	30
3550	1	205	16	220	30
3551	18	205	33	220	30
3552	1	222	16	237	30
3553	18	222	33	237	30
3660	715	1	730	16	30
3661	732	1	747	16	30
3662	749	1	764	16	30
3663	715	18	730	33	30
3664	732	18	747	33	30
3665	749	18	764	33	30
3700	919	137	934	152	30
3701	936	137	951	152	30
3702	953	137	968	152	30
3703	919	154	934	169	30
3704	936	154	951	169	30
3705	953	154	968	169	30
3706	919	171	934	186	30
3707	936	171	951	186	30
3708	953	171	968	186	30
3710	970	137	985	152	30
3711	987	137	1002	152	30
3712	1004	137	1019	152	30
3713	970	154	985	169	30
3714	987	154	1002	169	30
3715	1004	154	1019	169	30
3716	970	171	985	186	30
3717	987	171	1002	186	30
3718	1004	171	1019	186	30
3720	919	188	934	203	30
3721	936	188	951	203	30
3722	953	188	968	203	30
3723	919	205	934	220	30
3724	936	205	951	220	30
3725	953	205	968	220	30
3726	919	222	934	237	30
3727	936	222	951	237	30
3728	953	222	968	237	30
3740	970	188	985	203	30
3741	987	188	1002	203	30
3742	1004	188	1019	203	30
3743	970	205	985	220	30
3744	987	205	1002	220	30
3745	1004	205	1019	220	30
3746	970	222	985	237	30
3747	987	222	1002	237	30
3748	1004	222	1019	237	30

# ani_id	sprite1_id	time1	sprite2_id	time2	...
[ANIMATIONS]
10000	20001	100	20002	100	20003	100	20004	100
2000	2001	1000
4000	2201	1000
4100	2301	1000
4200	2401	100	2402	100	2403	100	2404	100
4301	3552	1000
4302	3553	1000
4303	3550	1000
4304	3551	1000
4400	3660	1000
4401	3661	1000
4402	3662	1000
4403	3663	1000
4404	3664	1000
4405	3665	1000
4660	3700	1000
4661	3701	1000
4662	3702	1000
4663	3703	1000
4664	3704	1000
4665	3705	1000
4666	3706	1000
4667	3707	1000
4668	3708	1000
4670	3710	1000
4671	3711	1000
4672	3712	1000
4673	3713	1000
4674	3714	1000
4675	3715	1000
4676	3716	1000
4677	3717	1000
4678	3718	1000
4680	3720	1000
4681	3721	1000
4682	3722	1000
4683	3723	1000
4684	3724	1000
4685	3725	1000
4686	3726	1000
4687	3727	1000
4688	3728	1000
4690	3740	1000
4691	3741	1000
4692	3742	1000
4693	3743	1000
4694	3744	1000
4695	3745	1000
4696	3746	1000
4697	3747	1000
4698	3748	1000
