# list of object assets to load in this scene
[ASSETS]
mario.txt
coin.txt
cloud.txt
brick.txt
goomba.txt
clound.txt
#
[OBJECTS]
# type	x	y	extra_settings per object type
# type: 0 = Mario , 1 = Brick, 2 = Goomba, 3 = Koopas, 4 = coin
# See OBJECT_TYPE constants in AssetIDs.h
#Brick
1	1952	178
1	1968	178
1	1984	178
1	2000	178
1	2016	178
1	2032	178
1	2048	178
1	2096	178
1	2112	178

1	1968	162
1	1984	162
1	2000	162
1	2016	162
1	2032	162
1	2096	162


1	1984	146
1	2000	146
1	2016	146
1	2032	146


#Plant
6	161	178
6	177	178
6	193	178
6	672	162
6	688	162
6	704	162
6	720	162
6	736	162
6	752	162
6	1040	162
6	1056	162
6	1184	178
6	1200	178
6	1216	178
6	1728	178
6	1744	178
6	1760	178
6	1776	178





# MARIO
0	1900	10

#Goomba
2	180	120
2	160	120
2	140	120




#Platform
5	0	194	16	16	39	80001	80002	80003
5	624	178	16	16	29	80001	80002	80003
5	624	189	16	16	29	80004	80005	80006
5	624	205	16	16	29	80004	80005	80006
5	1152	194	16	16	22	80001	80002	80003
5	1536	194	16	16	5	80001	80002	80003
5	1664	194	16	16	36	80001	80002	80003
5	2256	194	16	16	35	80001	80002	80003


