# id	left	top	right	bottom	texture_id
[SPRITES]
#GROWL
3701	176	144	191	175	40
3702	160	144	175	175	40
#FIRER
3703	144	144	159	175	40
3704	128	144	143	175	40
#GROWR
3705	496	144	511	175	50
3706	512	144	527	175	50
#FIRER
3707	528	144	543	175	50
3708	544	144	559	175	50
#FIREBALL
3710	164	179	171	187	40
3711	164	179	187	187	40
3712	164	196	171	204	40
3713	180	196	187	204	40
# ani_id	sprite1_id	time1	sprite2_id	time2	...
[ANIMATIONS]
5301	3701	100	3702	100
5302	3701	700	3702	200
5303	3703	700	3704	200
5304	3705	700	3706	200
5305	3707	700	3708	200
5306	3710	50	3711	50	3712	50	3713	50